0 -0.674157303370787
86400 -0.668539325842697
172800 -0.662921348314607
259200 -0.657303370786517
345600 -0.651685393258427
432000 -0.646067415730337
518400 -0.640449438202247
604800 -0.634831460674157
691200 -0.629213483146067
777600 -0.623595505617977
864000 -0.617977528089888
950400 -0.612359550561798
1036800 -0.606741573033708
1123200 -0.601123595505618
1209600 -0.595505617977528
1296000 -0.589887640449438
1382400 -0.584269662921348
1468800 -0.578651685393258
1555200 -0.573033707865169
1641600 -0.567415730337079
1728000 -0.561797752808989
1814400 -0.556179775280899
1900800 -0.550561797752809
1987200 -0.544943820224719
2073600 -0.539325842696629
2160000 -0.533707865168539
2246400 -0.528089887640449
2332800 -0.522471910112359
2419200 -0.51685393258427
2505600 -0.51123595505618
2592000 -0.50561797752809
2678400 -0.5
2764800 -0.49438202247191
2851200 -0.48876404494382
2937600 -0.48314606741573
3024000 -0.47752808988764
3110400 -0.471910112359551
3196800 -0.466292134831461
3283200 -0.460674157303371
3369600 -0.455056179775281
3456000 -0.449438202247191
3542400 -0.443820224719101
3628800 -0.438202247191011
3715200 -0.432584269662921
3801600 -0.426966292134831
3888000 -0.421348314606742
3974400 -0.415730337078652
4060800 -0.410112359550562
4147200 -0.404494382022472
4233600 -0.398876404494382
4320000 -0.393258426966292
4406400 -0.387640449438202
4492800 -0.382022471910112
4579200 -0.376404494382022
4665600 -0.370786516853933
4752000 -0.365168539325843
4838400 -0.359550561797753
4924800 -0.353932584269663
5011200 -0.348314606741573
5097600 -0.342696629213483
5184000 -0.337078651685393
5270400 -0.331460674157303
5356800 -0.325842696629213
5443200 -0.320224719101124
5529600 -0.314606741573034
5616000 -0.308988764044944
5702400 -0.303370786516854
5788800 -0.297752808988764
5875200 -0.292134831460674
5961600 -0.286516853932584
6048000 -0.280898876404494
6134400 -0.275280898876404
6220800 -0.269662921348315
6307200 -0.264044943820225
6393600 -0.258426966292135
6480000 -0.252808988764045
6566400 -0.247191011235955
6652800 -0.241573033707865
6739200 -0.235955056179775
6825600 -0.230337078651685
6912000 -0.224719101123595
6998400 -0.219101123595506
7084800 -0.213483146067416
7171200 -0.207865168539326
7257600 -0.202247191011236
7344000 -0.196629213483146
7430400 -0.191011235955056
7516800 -0.185393258426966
7603200 -0.179775280898876
7689600 -0.174157303370787
7776000 -0.168539325842697
7862400 -0.162921348314607
7948800 -0.157303370786517
8035200 -0.151685393258427
8121600 -0.146067415730337
8208000 -0.140449438202247
8294400 -0.134831460674157
8380800 -0.129213483146067
8467200 -0.123595505617978
8553600 -0.117977528089888
8640000 -0.112359550561798
8726400 -0.106741573033708
8812800 -0.101123595505618
8899200 -0.0955056179775281
8985600 -0.0898876404494382
9072000 -0.0842696629213483
9158400 -0.0786516853932584
9244800 -0.0730337078651685
9331200 -0.0674157303370787
9417600 -0.0617977528089888
9504000 -0.0561797752808989
9590400 -0.050561797752809
9676800 -0.0449438202247191
9763200 -0.0393258426966292
9849600 -0.0337078651685393
9936000 -0.0280898876404494
10022400 -0.0224719101123595
10108800 -0.0168539325842697
10195200 -0.0112359550561798
10281600 -0.00561797752808989
10368000 0
10454400 0.00561797752808989
10540800 0.0112359550561798
10627200 0.0168539325842697
10713600 0.0224719101123595
10800000 0.0280898876404494
10886400 0.0337078651685393
10972800 0.0393258426966292
11059200 0.0449438202247191
11145600 0.050561797752809
11232000 0.0561797752808989
11318400 0.0617977528089888
11404800 0.0674157303370787
11491200 0.0730337078651685
11577600 0.0786516853932584
11664000 0.0842696629213483
11750400 0.0898876404494382
11836800 0.0955056179775281
11923200 0.101123595505618
12009600 0.106741573033708
12096000 0.112359550561798
12182400 0.117977528089888
12268800 0.123595505617978
12355200 0.129213483146067
12441600 0.134831460674157
12528000 0.140449438202247
12614400 0.146067415730337
12700800 0.151685393258427
12787200 0.157303370786517
12873600 0.162921348314607
12960000 0.168539325842697
13046400 0.174157303370787
13132800 0.179775280898876
13219200 0.185393258426966
13305600 0.191011235955056
13392000 0.196629213483146
13478400 0.202247191011236
13564800 0.207865168539326
13651200 0.213483146067416
13737600 0.219101123595506
13824000 0.224719101123595
13910400 0.230337078651685
13996800 0.235955056179775
14083200 0.241573033707865
14169600 0.247191011235955
14256000 0.252808988764045
14342400 0.249567848115385
14428800 0.246326707230769
14515200 0.243085566346154
14601600 0.239844425461538
14688000 0.236603284576923
14774400 0.233362143692308
14860800 0.230121002807692
14947200 0.226879861923077
15033600 0.223638721038462
15120000 0.220397580153846
15206400 0.217156439269231
15292800 0.213915298384615
15379200 0.2106741575
15465600 0.207433016615385
15552000 0.204191875730769
15638400 0.200950734846154
15724800 0.197709593961538
15811200 0.194468453076923
15897600 0.191227312192308
15984000 0.187986171307692
16070400 0.184745030423077
16156800 0.181503889538462
16243200 0.178262748653846
16329600 0.175021607769231
16416000 0.171780466884615
16502400 0.168539326
16588800 0.165298185115385
16675200 0.162057044230769
16761600 0.158815903346154
16848000 0.155574762461538
16934400 0.152333621576923
17020800 0.149092480692308
17107200 0.145851339807692
17193600 0.142610198923077
17280000 0.139369058038462
17366400 0.136127917153846
17452800 0.132886776269231
17539200 0.129645635384615
17625600 0.1264044945
17712000 0.123163353615385
17798400 0.119922212730769
17884800 0.116681071846154
17971200 0.113439930961538
18057600 0.110198790076923
18144000 0.106957649192308
18230400 0.103716508307692
18316800 0.100475367423077
18403200 0.0972342265384615
18489600 0.0939930856538462
18576000 0.0907519447692308
18662400 0.0875108038846154
18748800 0.084269663
18835200 0.0810285221153846
18921600 0.0777873812307692
19008000 0.0745462403461538
19094400 0.0713050994615385
19180800 0.0680639585769231
19267200 0.0648228176923077
19353600 0.0615816768076923
19440000 0.0583405359230769
19526400 0.0550993950384615
19612800 0.0518582541538462
19699200 0.0486171132692308
19785600 0.0453759723846154
19872000 0.0421348315
19958400 0.0388936906153846
20044800 0.0356525497307692
20131200 0.0324114088461538
20217600 0.0291702679615385
20304000 0.0259291270769231
20390400 0.0226879861923077
20476800 0.0194468453076923
20563200 0.0162057044230769
20649600 0.0129645635384615
20736000 0.00972342265384615
20822400 0.00648228176923077
20908800 0.00324114088461538
20995200 0
21081600 -0.00557154795867776
21168000 -0.0111430959173554
21254400 -0.0167146438760331
21340800 -0.0222861918347108
21427200 -0.0278577397933885
21513600 -0.0334292877520661
21600000 -0.0390008357107439
21686400 -0.0445723836694215
21772800 -0.0501439316280993
21859200 -0.0557154795867769
21945600 -0.0612870275454546
22032000 -0.0668585755041323
22118400 -0.07243012346281
22204800 -0.0780016714214876
22291200 -0.0835732193801654
22377600 -0.089144767338843
22464000 -0.0947163152975207
22550400 -0.100287863256198
22636800 -0.105859411214876
22723200 -0.111430959173554
22809600 -0.117002507132231
22896000 -0.122574055090909
22982400 -0.128145603049587
23068800 -0.133717151008265
23155200 -0.139288698966942
23241600 -0.14486024692562
23328000 -0.150431794884298
23414400 -0.156003342842975
23500800 -0.161574890801653
23587200 -0.167146438760331
23673600 -0.172717986719008
23760000 -0.178289534677686
23846400 -0.183861082636364
23932800 -0.189432630595041
24019200 -0.195004178553719
24105600 -0.200575726512397
24192000 -0.206147274471074
24278400 -0.211718822429752
24364800 -0.21729037038843
24451200 -0.222861918347107
24537600 -0.228433466305785
24624000 -0.234005014264463
24710400 -0.23957656222314
24796800 -0.245148110181818
24883200 -0.250719658140496
24969600 -0.256291206099174
25056000 -0.261862754057851
25142400 -0.267434302016529
25228800 -0.273005849975207
25315200 -0.278577397933884
25401600 -0.284148945892562
25488000 -0.28972049385124
25574400 -0.295292041809917
25660800 -0.300863589768595
25747200 -0.306435137727273
25833600 -0.31200668568595
25920000 -0.317578233644628
26006400 -0.323149781603306
26092800 -0.328721329561983
26179200 -0.334292877520661
26265600 -0.339864425479339
26352000 -0.345435973438016
26438400 -0.351007521396694
26524800 -0.356579069355372
26611200 -0.36215061731405
26697600 -0.367722165272727
26784000 -0.373293713231405
26870400 -0.378865261190083
26956800 -0.38443680914876
27043200 -0.390008357107438
27129600 -0.395579905066116
27216000 -0.401151453024793
27302400 -0.406723000983471
27388800 -0.412294548942149
27475200 -0.417866096900826
27561600 -0.423437644859504
27648000 -0.429009192818182
27734400 -0.434580740776859
27820800 -0.440152288735537
27907200 -0.445723836694215
27993600 -0.451295384652893
28080000 -0.45686693261157
28166400 -0.462438480570248
28252800 -0.468010028528926
28339200 -0.473581576487603
28425600 -0.479153124446281
28512000 -0.484724672404959
28598400 -0.490296220363636
28684800 -0.495867768322314
28771200 -0.501439316280992
28857600 -0.507010864239669
28944000 -0.512582412198347
29030400 -0.518153960157025
29116800 -0.523725508115702
29203200 -0.52929705607438
29289600 -0.534868604033058
29376000 -0.540440151991736
29462400 -0.546011699950413
29548800 -0.551583247909091
29635200 -0.557154795867769
29721600 -0.562726343826446
29808000 -0.568297891785124
29894400 -0.573869439743802
29980800 -0.579440987702479
30067200 -0.585012535661157
30153600 -0.590584083619835
30240000 -0.596155631578512
30326400 -0.60172717953719
30412800 -0.607298727495868
30499200 -0.612870275454545
30585600 -0.618441823413223
30672000 -0.624013371371901
30758400 -0.629584919330578
30844800 -0.635156467289256
30931200 -0.640728015247934
31017600 -0.646299563206612
31104000 -0.651871111165289
31190400 -0.657442659123967
31276800 -0.663014207082645
31363200 -0.668585755041322
31449600 -0.674157303
31536000 -0.674157303