0 -4
2592000 -2.5
5184000 -1.5
7776000 -0.75
10368000 0.1
12960000 0.1
15552000 0.1
18144000 0.1
20736000 0.1
23328000 -0.75
25920000 -2.5
28512000 -4
31536000 -4
31536000 -4
34128000 -2.5
36720000 -1.5
39312000 -0.75
41904000 0.1
44496000 0.1
47088000 0.1
49680000 0.1
52272000 0.1
54864000 -0.75
57456000 -2.5
60048000 -4
63072000 -4
63072000 -4
65664000 -2.5
68256000 -1.5
70848000 -0.75
73440000 0.1
76032000 0.1
78624000 0.1
81216000 0.1
83808000 0.1
86400000 -0.75
88992000 -2.5
91584000 -4
94608000 -4
94608000 -4
97200000 -2.5
99792000 -1.5
102384000 -0.75
104976000 0.1
107568000 0.1
110160000 0.1
112752000 0.1
115344000 0.1
117936000 -0.75
120528000 -2.5
123120000 -4
126144000 -4
126144000 -4
128736000 -2.5
131328000 -1.5
133920000 -0.75
136512000 0.1
139104000 0.1
141696000 0.1
144288000 0.1
146880000 0.1
149472000 -0.75
152064000 -2.5
154656000 -4
157680000 -4
157680000 -4
160272000 -3
162864000 -2
165456000 -1
168048000 0.25
170640000 0.25
173232000 0.25
175824000 0.25
178416000 0.25
181008000 0.25
183600000 0.25
186192000 0.25
189216000 0.25
189216000 0.25
191808000 0.25
194400000 0.25
196992000 0.25
199584000 0.25
202176000 0.25
204768000 0.25
207360000 0.25
209952000 0.25
212544000 0.25
215136000 0.25
217728000 0.25
220752000 0.25
220752000 0.25
223344000 0.25
225936000 0.25
228528000 0.25
231120000 0.25
233712000 0.25
236304000 0.25
238896000 0.25
241488000 0.25
244080000 0.25
246672000 0.25
249264000 0.25
252288000 0.25
252288000 0.25
254880000 0.25
257472000 0.25
260064000 0.25
262656000 0.25
265248000 0.25
267840000 0.25
270432000 0.25
273024000 0.25
275616000 0.25
278208000 0.25
280800000 0.25
283824000 0.25
283824000 0.25
286416000 0.25
289008000 0.25
291600000 0.25
294192000 0.25
296784000 0.25
299376000 0.25
301968000 0.25
304560000 0.25
307152000 0.25
309744000 0.25
312336000 0.25
31536000000 0.25
